32006072514703100410      0                           0              4112345  GBQ314            22           8299999999999999991191                    
32006072514703100410    03313                         0              4112345  GBQ314            22           8299911999999999991191                    
32006072514703100410    03412                         0              4112345  GBQ314            22           8299911999999999991191                    
32006072514703100410    04412                         0              4112345  GBQ314            22           8299911999999999991191                    
32006072514703100410    03413                         0              4112345  GBQ314            22           8299911999999999991191                    
32006072514703100410    03013                         0              4112345  GBQ314            22           8299911999999999991191                    
32006072514703100410    03113                         0              4112345  GBQ314            22           8299911999999999991191                    
32006072514703100410    03413                         0              4112345  GBQ314            22           8299911999999999991191                    
32006072514703100410    03313                         0              4112345  GBQ314            22           8299911999999999991191                    
32006072514503000500      0                           0              4112345  GBQ314            22           8299999999999999991191                    
32006072514506100400      0                           0              4112345  GBQ314            23           8299999999999999991191                     WILLIAMSON W
32006072515503000400      0                           0              4112345  GBN314            22           8299999999999999991191                     WILLIAMSON W
32006072515503400400      0                           0              4112345  GBN314            22           8299999999999999991191                     BROUWER VBB
32006072115503400400      0                           0              4112345  GBN314            22           8299999999999999991191                     BROUWER VBB
32006072515708100810      0                           0              4112345  GBY314            22           8299999999999999991191                     BROUWER VBB
32006072515508101120      0                           0              4112345  NL 314            33           8299999999999999991191                     STAM M
32006072515702000300      0                           0              4112345  AR 314            22           8299999999999999991191                     JANSEN W
32006072515103000200      0                           0              4112345  GBY314            22           8299999999999999991191                     STAM M
32006072515123000200      0                           0              4112345  GBN314            22           8299999999999999991191                     WILLIAMSON W
